0.56551725 0.59 0.72839504 0.44715446 0.5 0.67164177
0.46896553 0.41 0.69491524 0.5609756 0.5888889 0.75714284
0.537931 0.5 0.7692308 0.4390244 0.41111112 0.71153843
0.55172414 0.54 0.7605634 0.57723576 0.56666666 0.796875
0.6 0.58 0.7837838 0.4390244 0.37777779 0.73913044
0.50344825 0.51 0.69863015 0.4796748 0.47777778 0.7288136
0.46896553 0.52 0.65822786 0.5203252 0.5777778 0.7123288
0.48965517 0.49 0.69014084 0.52845526 0.53333336 0.7619048
0.43448275 0.48 0.6315789 0.50406504 0.4888889 0.7457627
0.45517242 0.52 0.6419753 0.4878049 0.44444445 0.754717
0.53103447 0.57 0.7037037 0.46341464 0.4888889 0.6984127
0.39310345 0.43 0.5890411 0.46341464 0.44444445 0.72727275
0.46206897 0.49 0.6621622 0.4715447 0.47777778 0.71666664
0.4827586 0.5 0.6756757 0.54471546 0.5888889 0.7361111
0.48965517 0.49 0.7 0.4796748 0.45555556 0.74545455
0.56551725 0.59 0.7468355 0.4796748 0.47777778 0.7288136
0.5586207 0.56 0.74666667 0.5203252 0.53333336 0.75
0.6758621 1.0 0.6896552 0.72357726 1.0 0.73170733
0.6758621 1.0 0.6896552 0.72357726 1.0 0.73170733
0.66206896 0.98 0.6853147 0.7154471 0.98888886 0.7295082
0.6758621 1.0 0.6896552 0.72357726 1.0 0.73170733
0.6758621 1.0 0.6896552 0.72357726 1.0 0.73170733
0.6758621 1.0 0.6896552 0.72357726 1.0 0.73170733
0.64827585 0.96 0.68085104 0.68292683 0.9444444 0.720339
0.50344825 0.54 0.6835443 0.44715446 0.42222223 0.7169811
0.6758621 1.0 0.6896552 0.72357726 1.0 0.73170733
0.6758621 1.0 0.6896552 0.72357726 1.0 0.73170733
0.66206896 0.98 0.6853147 0.7154471 0.98888886 0.7295082
0.6758621 1.0 0.6896552 0.72357726 1.0 0.73170733
0.6758621 1.0 0.6896552 0.72357726 1.0 0.73170733
0.6758621 1.0 0.6896552 0.72357726 1.0 0.73170733
0.64827585 0.96 0.68085104 0.68292683 0.9444444 0.720339
0.5241379 0.54 0.7105263 0.4878049 0.46666667 0.7368421
0.4827586 0.5 0.6756757 0.4390244 0.45555556 0.68333334
0.5241379 0.52 0.7123288 0.5121951 0.53333336 0.73846155
0.5724138 0.59 0.75641024 0.42276424 0.44444445 0.6557377
0.56551725 0.59 0.7375 0.5365854 0.5777778 0.74285716
0.537931 0.58 0.6987952 0.3902439 0.41111112 0.63793105
0.47586206 0.45 0.6923077 0.4715447 0.51111114 0.6969697
0.5586207 0.57 0.7307692 0.50406504 0.4888889 0.7586207
0.66206896 0.98 0.6853147 0.6910569 0.95555556 0.7226891
0.66206896 0.98 0.6853147 0.6910569 0.95555556 0.7226891
0.66206896 0.98 0.6853147 0.6910569 0.95555556 0.7226891
0.66206896 0.98 0.6853147 0.6910569 0.95555556 0.7226891
0.66206896 0.98 0.6853147 0.6910569 0.95555556 0.7226891
0.66206896 0.98 0.6853147 0.6910569 0.95555556 0.7226891
0.66206896 0.98 0.6853147 0.6910569 0.95555556 0.7226891
0.66206896 0.98 0.6853147 0.6910569 0.95555556 0.7226891
0.41379312 0.44 0.6197183 0.3821138 0.35555556 0.64
0.6758621 1.0 0.6896552 0.72357726 1.0 0.73170733
0.6758621 1.0 0.6896552 0.72357726 1.0 0.73170733
0.66206896 0.98 0.6853147 0.7154471 0.98888886 0.7295082
0.6758621 1.0 0.6896552 0.72357726 1.0 0.73170733
0.6758621 1.0 0.6896552 0.72357726 1.0 0.73170733
0.6758621 1.0 0.6896552 0.72357726 1.0 0.73170733
0.64827585 0.96 0.68085104 0.68292683 0.9444444 0.720339
0.66206896 0.98 0.6853147 0.6910569 0.95555556 0.7226891
0.63448274 0.94 0.676259 0.68292683 0.9444444 0.720339
0.6068966 0.9 0.6666667 0.6097561 0.84444445 0.6972477
0.56551725 0.84 0.6511628 0.5121951 0.7111111 0.6597938
0.6551724 0.97 0.6830986 0.67479676 0.93333334 0.71794873
0.6068966 0.9 0.6666667 0.6585366 0.9111111 0.71304345
0.537931 0.8 0.64 0.5609756 0.7777778 0.6796116
0.46206897 0.69 0.6052632 0.4715447 0.65555555 0.6413044
0.46896553 0.45 0.67164177 0.46341464 0.45555556 0.71929824
0.47586206 0.47 0.68115944 0.5365854 0.53333336 0.7741935
0.45517242 0.48 0.65753424 0.45528457 0.41111112 0.7254902
0.45517242 0.41 0.69491524 0.4390244 0.45555556 0.68333334
0.4827586 0.5 0.6849315 0.44715446 0.44444445 0.6896552
0.41379312 0.4 0.625 0.4390244 0.44444445 0.6896552
0.5241379 0.49 0.73134327 0.50406504 0.5222222 0.734375
0.4827586 0.49 0.6805556 0.40650406 0.44444445 0.6451613
0.4827586 0.5 0.6756757 0.4715447 0.51111114 0.6969697
0.5448276 0.53 0.74647886 0.50406504 0.5555556 0.71428573
0.42068964 0.44 0.6197183 0.54471546 0.6 0.7297297
0.53103447 0.54 0.7297297 0.50406504 0.42222223 0.80851066
0.4827586 0.5 0.6849315 0.5121951 0.51111114 0.75409836
0.5103448 0.5 0.7246377 0.3821138 0.36666667 0.63461536
0.51724136 0.47 0.74603176 0.4796748 0.5 0.71428573
0.50344825 0.53 0.6883117 0.5365854 0.53333336 0.7741935
0.46896553 0.47 0.68115944 0.44715446 0.42222223 0.7037037
0.8413793 0.98 0.8305085 0.8699187 0.98888886 0.8557692
0.9310345 0.99 0.9339623 0.9268293 0.9777778 0.9263158
0.9724138 0.98 0.989899 0.9593496 0.98888886 0.9569892
0.8551724 0.99 0.83898306 0.86178863 1.0 0.8490566
0.92413795 0.99 0.9166667 0.93495935 1.0 0.92783505
0.9517241 0.98 0.9607843 0.9430894 0.98888886 0.9468085
0.97931033 0.98 1.0 0.96747965 0.98888886 0.9673913
0.48965517 0.47 0.70149255 0.4796748 0.53333336 0.6956522
0.8413793 0.98 0.8305085 0.8699187 0.98888886 0.8557692
0.9310345 0.99 0.9339623 0.9268293 0.9777778 0.9263158
0.9724138 0.98 0.989899 0.9593496 0.98888886 0.9569892
0.8551724 0.99 0.83898306 0.86178863 1.0 0.8490566
0.92413795 0.99 0.9166667 0.93495935 1.0 0.92783505
0.9517241 0.98 0.9607843 0.9430894 0.98888886 0.9468085
0.97931033 0.98 1.0 0.96747965 0.98888886 0.9673913
0.45517242 0.45 0.65217394 0.4390244 0.5 0.6617647
0.4827586 0.53 0.6625 0.4796748 0.43333334 0.7647059
0.5241379 0.54 0.7012987 0.49593496 0.47777778 0.7413793
0.40689656 0.41 0.60294116 0.5121951 0.5 0.7627119
0.4827586 0.45 0.703125 0.50406504 0.4888889 0.7586207
0.48965517 0.46 0.6969697 0.50406504 0.4888889 0.7586207
0.42068964 0.43 0.6142857 0.5203252 0.53333336 0.75
0.5724138 0.59 0.75641024 0.46341464 0.4888889 0.6875
0.9034483 0.99 0.8918919 0.88617885 0.98888886 0.872549
0.9034483 0.99 0.8918919 0.88617885 0.98888886 0.872549
0.9034483 0.99 0.8918919 0.88617885 0.98888886 0.872549
0.9034483 0.99 0.8918919 0.88617885 0.98888886 0.872549
0.9034483 0.99 0.8918919 0.88617885 0.98888886 0.872549
0.9034483 0.99 0.8918919 0.88617885 0.98888886 0.872549
0.9034483 0.99 0.8918919 0.88617885 0.98888886 0.872549
0.9034483 0.99 0.8918919 0.88617885 0.98888886 0.872549
0.5103448 0.56 0.69135803 0.3495935 0.33333334 0.6
0.8413793 0.98 0.8305085 0.8699187 0.98888886 0.8557692
0.9310345 0.99 0.9339623 0.9268293 0.9777778 0.9263158
0.9724138 0.98 0.989899 0.9593496 0.98888886 0.9569892
0.8551724 0.99 0.83898306 0.86178863 1.0 0.8490566
0.92413795 0.99 0.9166667 0.93495935 1.0 0.92783505
0.9517241 0.98 0.9607843 0.9430894 0.98888886 0.9468085
0.97931033 0.98 1.0 0.96747965 0.98888886 0.9673913
0.9034483 0.99 0.8918919 0.88617885 0.98888886 0.872549
0.94482756 0.98 0.9423077 0.9430894 0.98888886 0.9368421
0.95862067 0.97 0.97 0.96747965 0.98888886 0.9673913
0.9724138 0.97 0.9897959 0.9756098 0.98888886 0.978022
0.93793106 0.98 0.9423077 0.9430894 1.0 0.9375
0.9655172 0.99 0.9705882 0.9756098 0.98888886 0.978022
0.9724138 0.98 0.989899 0.98373985 0.98888886 0.98888886
0.97931033 0.98 1.0 0.98373985 0.98888886 0.98888886
0.49655172 0.48 0.7164179 0.4878049 0.5222222 0.7121212
0.4827586 0.49 0.6805556 0.46341464 0.43333334 0.7222222
0.48965517 0.52 0.6753247 0.5365854 0.5555556 0.75757575
0.3862069 0.37 0.5967742 0.52845526 0.5222222 0.7704918
0.46206897 0.5 0.64935064 0.5121951 0.54444444 0.73134327
0.42068964 0.45 0.625 0.54471546 0.53333336 0.7741935
0.5241379 0.52 0.73239434 0.54471546 0.5888889 0.74647886
0.51724136 0.53 0.7162162 0.52845526 0.56666666 0.7285714
0.56551725 0.58 0.74358976 0.4390244 0.47777778 0.671875
0.5448276 0.58 0.725 0.4878049 0.47777778 0.7413793
0.48965517 0.47 0.6911765 0.4878049 0.51111114 0.71875
0.49655172 0.44 0.73333335 0.40650406 0.46666667 0.6363636
0.5103448 0.54 0.6923077 0.49593496 0.53333336 0.7164179
0.5241379 0.56 0.70886075 0.5203252 0.51111114 0.75409836
0.50344825 0.48 0.7164179 0.50406504 0.5 0.75
0.5241379 0.54 0.7105263 0.5609756 0.6111111 0.7432432
0.4827586 0.48 0.6956522 0.42276424 0.44444445 0.6557377
0.8413793 0.96 0.8347826 0.8780488 0.98888886 0.8640777
0.9310345 0.98 0.93333334 0.9268293 0.9777778 0.9263158
0.9724138 0.97 0.9897959 0.9593496 0.98888886 0.9569892
0.8551724 0.98 0.8448276 0.86178863 1.0 0.8490566
0.9172414 0.98 0.91588783 0.9430894 0.98888886 0.9368421
0.9517241 0.98 0.9607843 0.9430894 0.98888886 0.9468085
0.97931033 0.98 1.0 0.96747965 0.98888886 0.9673913
0.537931 0.58 0.6987952 0.5121951 0.53333336 0.72727275
0.8413793 0.96 0.8347826 0.8780488 0.98888886 0.8640777
0.9310345 0.98 0.93333334 0.9268293 0.9777778 0.9263158
0.9724138 0.97 0.9897959 0.9593496 0.98888886 0.9569892
0.8551724 0.98 0.8448276 0.86178863 1.0 0.8490566
0.9172414 0.98 0.91588783 0.9430894 0.98888886 0.9368421
0.9517241 0.98 0.9607843 0.9430894 0.98888886 0.9468085
0.97931033 0.98 1.0 0.96747965 0.98888886 0.9673913
0.44827586 0.52 0.62650603 0.44715446 0.51111114 0.6571429
0.5241379 0.53 0.7162162 0.5691057 0.6 0.7714286
0.4413793 0.47 0.62666667 0.50406504 0.4888889 0.7586207
0.49655172 0.48 0.7058824 0.4715447 0.46666667 0.7118644
0.48965517 0.48 0.7058824 0.41463414 0.42222223 0.6666667
0.49655172 0.51 0.69863015 0.54471546 0.4888889 0.8301887
0.5103448 0.51 0.7183099 0.4796748 0.53333336 0.6956522
0.5448276 0.51 0.76119405 0.54471546 0.5 0.8035714
0.9034483 0.97 0.8981481 0.8943089 0.98888886 0.8811881
0.9034483 0.97 0.8981481 0.8943089 0.98888886 0.8811881
0.9034483 0.97 0.8981481 0.8943089 0.98888886 0.8811881
0.9034483 0.97 0.8981481 0.8943089 0.98888886 0.8811881
0.9034483 0.97 0.8981481 0.8943089 0.98888886 0.8811881
0.9034483 0.97 0.8981481 0.8943089 0.98888886 0.8811881
0.9034483 0.97 0.8981481 0.8943089 0.98888886 0.8811881
0.9034483 0.97 0.8981481 0.8943089 0.98888886 0.8811881
0.5241379 0.51 0.7285714 0.5203252 0.5222222 0.74603176
0.8413793 0.96 0.8347826 0.8780488 0.98888886 0.8640777
0.9310345 0.98 0.93333334 0.9268293 0.9777778 0.9263158
0.9724138 0.97 0.9897959 0.9593496 0.98888886 0.9569892
0.8551724 0.98 0.8448276 0.86178863 1.0 0.8490566
0.9172414 0.98 0.91588783 0.9430894 0.98888886 0.9368421
0.9517241 0.98 0.9607843 0.9430894 0.98888886 0.9468085
0.97931033 0.98 1.0 0.96747965 0.98888886 0.9673913
0.9034483 0.97 0.8981481 0.8943089 0.98888886 0.8811881
0.94482756 0.98 0.9423077 0.9512195 0.98888886 0.9468085
0.9655172 0.97 0.97979796 0.96747965 0.98888886 0.9673913
0.97931033 0.97 1.0 0.98373985 0.9777778 1.0
0.94482756 0.98 0.9514563 0.9593496 1.0 0.9574468
0.9655172 0.98 0.97029704 0.98373985 0.98888886 0.98888886
0.97931033 0.98 1.0 0.96747965 0.95555556 1.0
0.97931033 0.97 1.0 0.98373985 0.9777778 1.0
0.51724136 0.52 0.7027027 0.46341464 0.46666667 0.7
0.46896553 0.51 0.66233766 0.4796748 0.47777778 0.71666664
0.46206897 0.49 0.6533333 0.4796748 0.5 0.703125
0.5103448 0.49 0.7205882 0.5203252 0.53333336 0.75
0.48965517 0.47 0.7121212 0.49593496 0.54444444 0.7
0.46206897 0.46 0.6666667 0.4796748 0.45555556 0.74545455
0.49655172 0.56 0.6666667 0.49593496 0.4888889 0.7457627
0.48965517 0.47 0.70149255 0.5365854 0.6 0.7297297
0.40689656 0.41 0.60294116 0.3902439 0.41111112 0.62711865
0.44827586 0.49 0.6447368 0.45528457 0.45555556 0.69491524
0.44827586 0.48 0.6315789 0.44715446 0.44444445 0.6896552
0.42068964 0.39 0.62903225 0.54471546 0.6 0.739726
0.48965517 0.48 0.6857143 0.54471546 0.56666666 0.76119405
0.51724136 0.49 0.7205882 0.54471546 0.56666666 0.76119405
0.4413793 0.47 0.6351351 0.49593496 0.5 0.73770493
0.5448276 0.48 0.78688526 0.4715447 0.46666667 0.7118644
0.4413793 0.49 0.62025315 0.49593496 0.51111114 0.73015875
0.8413793 0.96 0.8347826 0.8780488 0.98888886 0.8640777
0.9310345 0.98 0.93333334 0.9268293 0.9777778 0.9263158
0.9724138 0.97 0.9897959 0.9593496 0.98888886 0.9569892
0.8551724 0.98 0.8448276 0.86178863 1.0 0.8490566
0.9172414 0.98 0.91588783 0.9430894 0.98888886 0.9368421
0.9517241 0.98 0.9607843 0.9430894 0.98888886 0.9468085
0.97931033 0.98 1.0 0.96747965 0.98888886 0.9673913
0.5448276 0.55 0.7432432 0.5365854 0.53333336 0.7619048
0.8413793 0.96 0.8347826 0.8780488 0.98888886 0.8640777
0.9310345 0.98 0.93333334 0.9268293 0.9777778 0.9263158
0.9724138 0.97 0.9897959 0.9593496 0.98888886 0.9569892
0.8551724 0.98 0.8448276 0.86178863 1.0 0.8490566
0.9172414 0.98 0.91588783 0.9430894 0.98888886 0.9368421
0.9517241 0.98 0.9607843 0.9430894 0.98888886 0.9468085
0.97931033 0.98 1.0 0.96747965 0.98888886 0.9673913
0.47586206 0.46 0.6764706 0.5691057 0.5888889 0.76811594
0.48965517 0.44 0.7096774 0.49593496 0.51111114 0.73015875
0.5724138 0.55 0.7746479 0.5609756 0.5555556 0.78125
0.46206897 0.47 0.6619718 0.4878049 0.51111114 0.7076923
0.43448275 0.43 0.63235295 0.5365854 0.53333336 0.7619048
0.4275862 0.42 0.6268657 0.52845526 0.53333336 0.7619048
0.4413793 0.44 0.64705884 0.50406504 0.46666667 0.7777778
0.46206897 0.5 0.64102566 0.50406504 0.56666666 0.7083333
0.9034483 0.97 0.8981481 0.88617885 0.98888886 0.872549
0.9034483 0.97 0.8981481 0.88617885 0.98888886 0.872549
0.9034483 0.97 0.8981481 0.88617885 0.98888886 0.872549
0.9034483 0.97 0.8981481 0.88617885 0.98888886 0.872549
0.9034483 0.97 0.8981481 0.88617885 0.98888886 0.872549
0.9034483 0.97 0.8981481 0.88617885 0.98888886 0.872549
0.9034483 0.97 0.8981481 0.88617885 0.98888886 0.872549
0.9034483 0.97 0.8981481 0.88617885 0.98888886 0.872549
0.46206897 0.48 0.6666667 0.5365854 0.56666666 0.75
0.8413793 0.96 0.8347826 0.8780488 0.98888886 0.8640777
0.9310345 0.98 0.93333334 0.9268293 0.9777778 0.9263158
0.9724138 0.97 0.9897959 0.9593496 0.98888886 0.9569892
0.8551724 0.98 0.8448276 0.86178863 1.0 0.8490566
0.9172414 0.98 0.91588783 0.9430894 0.98888886 0.9368421
0.9517241 0.98 0.9607843 0.9430894 0.98888886 0.9468085
0.97931033 0.98 1.0 0.96747965 0.98888886 0.9673913
0.9034483 0.97 0.8981481 0.88617885 0.98888886 0.872549
0.94482756 0.98 0.9423077 0.9430894 0.98888886 0.9368421
0.95862067 0.97 0.97 0.96747965 0.98888886 0.9673913
0.9724138 0.97 0.9897959 0.9756098 0.98888886 0.978022
0.93793106 0.98 0.9423077 0.9512195 1.0 0.94736844
0.9655172 0.98 0.97029704 0.9756098 0.98888886 0.978022
0.9724138 0.98 0.989899 0.98373985 0.98888886 0.98888886
0.97931033 0.97 1.0 0.98373985 0.98888886 0.98888886

0.8502758524837504
0.8890888939974253
0.8917373938862033
0.8546451775044297
0.9036578992064926
0.8943894356836505

