0.48965517 0.44 0.7096774 0.5203252 0.5222222 0.74603176
0.45517242 0.47 0.6527778 0.4878049 0.44444445 0.754717
0.44827586 0.44 0.64705884 0.5203252 0.51111114 0.76666665
0.45517242 0.48 0.6486486 0.4796748 0.5 0.703125
0.55172414 0.59 0.7195122 0.52845526 0.5222222 0.7580645
0.55172414 0.57 0.7307692 0.42276424 0.37777779 0.7083333
0.47586206 0.47 0.68115944 0.52845526 0.5555556 0.7352941
0.50344825 0.51 0.7083333 0.44715446 0.45555556 0.69491524
0.537931 0.53 0.7361111 0.49593496 0.5 0.73770493
0.4827586 0.54 0.6666667 0.49593496 0.51111114 0.71875
0.4413793 0.5 0.625 0.49593496 0.54444444 0.71014494
0.4827586 0.47 0.6911765 0.5691057 0.65555555 0.7375
0.48965517 0.48 0.6956522 0.45528457 0.44444445 0.7017544
0.5862069 0.56 0.7887324 0.43089432 0.41111112 0.6851852
0.48965517 0.47 0.70149255 0.5121951 0.46666667 0.7777778
0.46206897 0.49 0.6621622 0.5121951 0.47777778 0.7818182
0.46896553 0.52 0.65 0.45528457 0.44444445 0.7017544
0.46896553 0.44 0.6769231 0.46341464 0.47777778 0.6935484
0.45517242 0.4 0.6779661 0.398374 0.35555556 0.6666667
0.5241379 0.52 0.7123288 0.44715446 0.47777778 0.6825397
0.537931 0.56 0.71794873 0.55284554 0.56666666 0.77272725
0.51724136 0.55 0.6962025 0.5691057 0.54444444 0.8032787
0.51724136 0.53 0.69736844 0.46341464 0.42222223 0.7307692
0.45517242 0.44 0.6666667 0.50406504 0.5 0.75
0.57931036 0.55 0.7746479 0.4715447 0.45555556 0.73214287
0.5448276 0.54 0.75 0.4878049 0.4888889 0.72131145
0.42068964 0.41 0.6212121 0.5365854 0.5555556 0.74626863
0.5103448 0.5 0.70422536 0.55284554 0.5555556 0.78125
0.5103448 0.5 0.71428573 0.5609756 0.56666666 0.7846154
0.51724136 0.52 0.7027027 0.42276424 0.43333334 0.66101694
0.50344825 0.5 0.70422536 0.52845526 0.54444444 0.74242425
0.46206897 0.52 0.65 0.43089432 0.4888889 0.64705884
0.48965517 0.46 0.7076923 0.52845526 0.54444444 0.75384617
0.42068964 0.42 0.6268657 0.45528457 0.45555556 0.70689654
0.5448276 0.52 0.7536232 0.4715447 0.45555556 0.71929824
0.55172414 0.54 0.7605634 0.5691057 0.53333336 0.8135593
0.44827586 0.53 0.63095236 0.50406504 0.54444444 0.7205882
0.49655172 0.52 0.6933333 0.4796748 0.4888889 0.72131145
0.48965517 0.49 0.69014084 0.49593496 0.4888889 0.73333335
0.48965517 0.52 0.6753247 0.50406504 0.4888889 0.7586207
0.5586207 0.58 0.73417723 0.49593496 0.4888889 0.7457627
0.5103448 0.54 0.6923077 0.49593496 0.46666667 0.76363635
0.5103448 0.48 0.72727275 0.49593496 0.47777778 0.75438595
0.50344825 0.51 0.7083333 0.45528457 0.5 0.6818182
0.4413793 0.45 0.64285713 0.4715447 0.46666667 0.7118644
0.4413793 0.49 0.6282051 0.4715447 0.5 0.703125
0.47586206 0.5 0.65789473 0.50406504 0.5222222 0.734375
0.4827586 0.52 0.6666667 0.4878049 0.44444445 0.754717
0.44827586 0.44 0.6567164 0.5203252 0.4888889 0.7719298
0.4827586 0.49 0.6805556 0.58536583 0.56666666 0.8095238
0.5241379 0.5 0.7352941 0.50406504 0.51111114 0.73015875
0.49655172 0.51 0.6891892 0.45528457 0.45555556 0.69491524
0.6068966 0.57 0.82608694 0.43089432 0.43333334 0.67241377
0.48965517 0.48 0.6956522 0.46341464 0.47777778 0.704918
0.46206897 0.44 0.6769231 0.45528457 0.5 0.67164177
0.4413793 0.45 0.64285713 0.4715447 0.44444445 0.72727275
0.45517242 0.48 0.6486486 0.5365854 0.54444444 0.765625
0.5103448 0.52 0.7123288 0.4878049 0.53333336 0.7058824
0.50344825 0.53 0.6883117 0.5365854 0.5222222 0.78333336
0.4413793 0.44 0.6567164 0.3902439 0.43333334 0.62903225
0.5103448 0.56 0.67469877 0.5934959 0.5888889 0.8153846
0.41379312 0.44 0.6197183 0.52845526 0.53333336 0.7619048
0.49655172 0.5 0.70422536 0.57723576 0.6 0.7826087
0.46896553 0.47 0.67142856 0.42276424 0.42222223 0.6785714
0.46206897 0.44 0.6769231 0.4796748 0.44444445 0.754717
0.46896553 0.47 0.67142856 0.50406504 0.5 0.73770493
0.46896553 0.48 0.6760563 0.49593496 0.47777778 0.75438595
0.5103448 0.53 0.69736844 0.4390244 0.46666667 0.67741936
0.49655172 0.48 0.6956522 0.46341464 0.43333334 0.7222222
0.43448275 0.44 0.64705884 0.50406504 0.51111114 0.73015875
0.51724136 0.53 0.7162162 0.50406504 0.51111114 0.7419355
0.45517242 0.45 0.67164177 0.52845526 0.5 0.7758621
0.4827586 0.51 0.68 0.5203252 0.5222222 0.74603176
0.4413793 0.42 0.65625 0.4878049 0.54444444 0.7
0.53103447 0.55 0.7051282 0.50406504 0.4888889 0.7457627
0.56551725 0.56 0.7567568 0.5365854 0.5222222 0.78333336
0.48965517 0.52 0.6666667 0.5691057 0.54444444 0.8032787
0.46206897 0.47 0.6527778 0.4796748 0.51111114 0.7076923
0.44827586 0.47 0.6438356 0.52845526 0.5222222 0.7704918
0.49655172 0.51 0.68 0.45528457 0.47777778 0.6825397
0.4827586 0.49 0.6805556 0.54471546 0.5222222 0.78333336
0.5241379 0.54 0.7105263 0.55284554 0.5888889 0.75714284
0.5103448 0.5 0.71428573 0.49593496 0.47777778 0.75438595
0.5103448 0.54 0.6923077 0.4715447 0.47777778 0.704918
0.56551725 0.56 0.74666667 0.41463414 0.46666667 0.64615387
0.4827586 0.49 0.6805556 0.45528457 0.44444445 0.71428573
0.53103447 0.53 0.7361111 0.4796748 0.43333334 0.75
0.44827586 0.44 0.6666667 0.3495935 0.37777779 0.5862069
0.46206897 0.54 0.63529414 0.5365854 0.5 0.7894737
0.44827586 0.45 0.65217394 0.52845526 0.5888889 0.72602737
0.4827586 0.49 0.6805556 0.55284554 0.5555556 0.78125
0.46896553 0.5 0.65789473 0.50406504 0.5 0.73770493
0.4827586 0.46 0.6969697 0.4878049 0.47777778 0.7413793
0.5448276 0.57 0.721519 0.54471546 0.5888889 0.74647886
0.5241379 0.55 0.7051282 0.5121951 0.5 0.7627119
0.4275862 0.43 0.63235295 0.43089432 0.44444445 0.6779661
0.45517242 0.48 0.6486486 0.50406504 0.46666667 0.76363635
0.49655172 0.48 0.7058824 0.44715446 0.46666667 0.6885246
0.5103448 0.49 0.71014494 0.4878049 0.4888889 0.73333335
0.537931 0.5 0.75757575 0.5203252 0.5555556 0.7352941
0.45517242 0.49 0.6447368 0.5691057 0.5555556 0.7936508
0.49655172 0.49 0.71014494 0.4390244 0.46666667 0.6666667
0.49655172 0.49 0.69014084 0.46341464 0.46666667 0.7118644
0.46206897 0.51 0.6455696 0.45528457 0.42222223 0.7307692
0.5241379 0.54 0.7012987 0.4715447 0.53333336 0.6857143
0.5241379 0.51 0.73913044 0.5203252 0.51111114 0.75409836
0.4413793 0.48 0.6315789 0.4796748 0.4888889 0.72131145
0.53103447 0.55 0.7236842 0.42276424 0.41111112 0.6727273
0.45517242 0.48 0.65753424 0.5121951 0.5 0.7627119
0.5448276 0.49 0.765625 0.4715447 0.42222223 0.74509805
0.46896553 0.43 0.6935484 0.5365854 0.56666666 0.75
0.50344825 0.54 0.675 0.398374 0.33333334 0.6818182
0.47586206 0.46 0.6865672 0.5365854 0.5777778 0.73239434
0.44827586 0.43 0.6615385 0.57723576 0.5777778 0.7878788
0.49655172 0.5 0.70422536 0.5121951 0.51111114 0.75409836
0.46896553 0.48 0.6760563 0.4878049 0.5 0.7258065
0.5241379 0.51 0.7285714 0.4796748 0.42222223 0.7755102
0.5103448 0.55 0.6875 0.5203252 0.54444444 0.74242425
0.46206897 0.43 0.671875 0.55284554 0.5555556 0.78125
0.46896553 0.47 0.68115944 0.5365854 0.51111114 0.779661
0.50344825 0.51 0.6891892 0.55284554 0.54444444 0.7903226
0.51724136 0.55 0.7051282 0.398374 0.33333334 0.6818182
0.4413793 0.51 0.6219512 0.4715447 0.5222222 0.6911765
0.5103448 0.54 0.6923077 0.52845526 0.53333336 0.75
0.5241379 0.53 0.7162162 0.4796748 0.4888889 0.7096774
0.5448276 0.55 0.7236842 0.42276424 0.4 0.6792453
0.43448275 0.44 0.6376812 0.5121951 0.5222222 0.734375
0.49655172 0.53 0.67948717 0.50406504 0.5 0.73770493
0.49655172 0.52 0.68421054 0.43089432 0.43333334 0.68421054
0.45517242 0.46 0.64788735 0.50406504 0.4888889 0.7586207
0.59310347 0.59 0.7866667 0.5121951 0.54444444 0.73134327
0.51724136 0.49 0.7205882 0.4715447 0.47777778 0.71666664
0.5103448 0.51 0.69863015 0.5691057 0.5777778 0.7761194
0.5448276 0.49 0.765625 0.49593496 0.44444445 0.78431374
0.4827586 0.51 0.67105263 0.5121951 0.5555556 0.71428573
0.46896553 0.46 0.6666667 0.4390244 0.42222223 0.6909091
0.44827586 0.42 0.6666667 0.4796748 0.51111114 0.7076923
0.46206897 0.51 0.65384614 0.45528457 0.45555556 0.69491524
0.46896553 0.46 0.6764706 0.5365854 0.5555556 0.74626863
0.45517242 0.45 0.67164177 0.4715447 0.45555556 0.73214287
0.55172414 0.63 0.7 0.49593496 0.47777778 0.7413793
0.5862069 0.59 0.76623374 0.52845526 0.54444444 0.74242425
0.49655172 0.51 0.6891892 0.49593496 0.5 0.7258065
0.44827586 0.49 0.6447368 0.52845526 0.54444444 0.75384617
0.55172414 0.53 0.74647886 0.4878049 0.4888889 0.72131145
0.46896553 0.51 0.6455696 0.49593496 0.4888889 0.7457627
0.47586206 0.49 0.6621622 0.55284554 0.5888889 0.75714284
0.5448276 0.58 0.70731705 0.4796748 0.51111114 0.6969697
0.51724136 0.53 0.70666665 0.54471546 0.5777778 0.74285716
0.537931 0.52 0.74285716 0.44715446 0.42222223 0.7169811
0.47586206 0.46 0.6969697 0.4796748 0.41111112 0.7708333
0.537931 0.56 0.71794873 0.5121951 0.51111114 0.75409836
0.45517242 0.5 0.64935064 0.4796748 0.51111114 0.7076923
0.53103447 0.53 0.72602737 0.5691057 0.5888889 0.7794118
0.50344825 0.45 0.73770493 0.42276424 0.43333334 0.67241377
0.50344825 0.55 0.6707317 0.52845526 0.5222222 0.7580645
0.5448276 0.54 0.739726 0.54471546 0.5777778 0.74285716
0.46206897 0.5 0.65789473 0.5609756 0.5555556 0.7936508
0.4827586 0.55 0.6547619 0.5121951 0.5555556 0.71428573
0.46206897 0.41 0.70689654 0.4715447 0.47777778 0.71666664
0.46896553 0.47 0.67142856 0.5934959 0.6 0.7941176
0.47586206 0.46 0.6969697 0.4878049 0.44444445 0.754717
0.50344825 0.52 0.7027027 0.44715446 0.44444445 0.7017544
0.5103448 0.47 0.72307694 0.46341464 0.4888889 0.6984127
0.4413793 0.47 0.62666667 0.4715447 0.45555556 0.73214287
0.49655172 0.53 0.67948717 0.55284554 0.54444444 0.7777778
0.48965517 0.48 0.6956522 0.4715447 0.47777778 0.704918
0.56551725 0.55 0.7638889 0.50406504 0.53333336 0.7164179
0.5241379 0.53 0.70666665 0.5121951 0.47777778 0.7818182
0.48965517 0.49 0.7 0.5121951 0.53333336 0.72727275
0.53103447 0.51 0.73913044 0.5365854 0.53333336 0.7619048
0.5241379 0.54 0.7105263 0.4715447 0.43333334 0.7358491
0.47586206 0.51 0.65384614 0.54471546 0.5777778 0.74285716
0.49655172 0.51 0.6891892 0.50406504 0.5 0.73770493
0.44827586 0.47 0.6527778 0.46341464 0.46666667 0.7
0.49655172 0.44 0.72131145 0.4878049 0.4888889 0.73333335
0.5448276 0.57 0.7125 0.5609756 0.54444444 0.7903226
0.48965517 0.46 0.7076923 0.5203252 0.47777778 0.7818182
0.46206897 0.44 0.6769231 0.5121951 0.45555556 0.8039216
0.50344825 0.56 0.6666667 0.50406504 0.53333336 0.72727275
0.49655172 0.5 0.70422536 0.46341464 0.45555556 0.70689654
0.44827586 0.49 0.6447368 0.46341464 0.5 0.6818182
0.49655172 0.48 0.6956522 0.4796748 0.51111114 0.6969697
0.46896553 0.41 0.70689654 0.52845526 0.56666666 0.7285714
0.47586206 0.47 0.68115944 0.4390244 0.43333334 0.68421054
0.6137931 0.6 0.8108108 0.5691057 0.5777778 0.7878788
0.44827586 0.45 0.65217394 0.4878049 0.5 0.7258065
0.50344825 0.53 0.67948717 0.5203252 0.56666666 0.7183099
0.5448276 0.52 0.7647059 0.44715446 0.45555556 0.69491524
0.46896553 0.51 0.65384614 0.5365854 0.56666666 0.75
0.49655172 0.51 0.69863015 0.54471546 0.5777778 0.7536232
0.537931 0.53 0.7361111 0.5121951 0.5222222 0.734375
0.5103448 0.49 0.71014494 0.52845526 0.53333336 0.75
0.43448275 0.44 0.6376812 0.44715446 0.4888889 0.6769231
0.5103448 0.52 0.7123288 0.5691057 0.53333336 0.82758623
0.5103448 0.51 0.7083333 0.4878049 0.4888889 0.72131145
0.51724136 0.56 0.69135803 0.54471546 0.5222222 0.7966102
0.51724136 0.53 0.7162162 0.4715447 0.46666667 0.7241379
0.51724136 0.52 0.7027027 0.49593496 0.5222222 0.72307694
0.48965517 0.52 0.6753247 0.40650406 0.41111112 0.64912283
0.5103448 0.55 0.6962025 0.4715447 0.5 0.6923077
0.48965517 0.52 0.6666667 0.4878049 0.5222222 0.7121212
0.48965517 0.51 0.68 0.5609756 0.5888889 0.75714284
0.3862069 0.4 0.5882353 0.45528457 0.45555556 0.69491524
0.4275862 0.45 0.625 0.50406504 0.5555556 0.71428573
0.43448275 0.41 0.640625 0.43089432 0.44444445 0.6779661
0.49655172 0.51 0.6891892 0.4878049 0.47777778 0.7288136
0.537931 0.52 0.73239434 0.52845526 0.5222222 0.7704918
0.47586206 0.47 0.67142856 0.44715446 0.47777778 0.671875
0.8206897 1.0 0.8064516 0.85365856 1.0 0.8411215
0.8896552 0.99 0.8839286 0.9268293 1.0 0.9183673
0.94482756 0.99 0.9519231 0.9512195 1.0 0.94736844
0.8206897 0.97 0.81512606 0.8211382 1.0 0.8108108
0.8896552 0.99 0.8761062 0.8943089 1.0 0.88235295
0.92413795 0.98 0.9245283 0.93495935 1.0 0.92783505
0.95862067 0.99 0.9705882 0.9512195 1.0 0.94736844
0.5241379 0.51 0.7285714 0.5365854 0.54444444 0.765625
0.8206897 1.0 0.8064516 0.85365856 1.0 0.8411215
0.8896552 0.99 0.8839286 0.9268293 1.0 0.9183673
0.94482756 0.99 0.9519231 0.9512195 1.0 0.94736844
0.8206897 0.97 0.81512606 0.8211382 1.0 0.8108108
0.8896552 0.99 0.8761062 0.8943089 1.0 0.88235295
0.92413795 0.98 0.9245283 0.93495935 1.0 0.92783505
0.95862067 0.99 0.9705882 0.9512195 1.0 0.94736844
0.44827586 0.46 0.6388889 0.50406504 0.53333336 0.72727275
0.47586206 0.45 0.6818182 0.52845526 0.5222222 0.7580645
0.45517242 0.42 0.6885246 0.49593496 0.5222222 0.72307694
0.4827586 0.49 0.6712329 0.52845526 0.5 0.7758621
0.46206897 0.44 0.6769231 0.50406504 0.51111114 0.7419355
0.51724136 0.51 0.7183099 0.41463414 0.43333334 0.65
0.49655172 0.48 0.7058824 0.5203252 0.51111114 0.75409836
0.53103447 0.52 0.73239434 0.4878049 0.51111114 0.71875
0.8344827 0.78 0.975 0.85365856 0.8111111 0.9864865
0.8344827 0.78 0.975 0.85365856 0.8111111 0.9864865
0.8344827 0.78 0.975 0.85365856 0.8111111 0.9864865
0.8344827 0.78 0.975 0.85365856 0.8111111 0.9864865
0.8344827 0.78 0.975 0.85365856 0.8111111 0.9864865
0.8344827 0.78 0.975 0.85365856 0.8111111 0.9864865
0.8344827 0.78 0.975 0.85365856 0.8111111 0.9864865
0.8344827 0.78 0.975 0.85365856 0.8111111 0.9864865
0.4827586 0.47 0.68115944 0.49593496 0.56666666 0.6891892
0.8206897 1.0 0.8064516 0.85365856 1.0 0.8411215
0.8896552 0.99 0.8839286 0.9268293 1.0 0.9183673
0.94482756 0.99 0.9519231 0.9512195 1.0 0.94736844
0.8206897 0.97 0.81512606 0.8211382 1.0 0.8108108
0.8896552 0.99 0.8761062 0.8943089 1.0 0.88235295
0.92413795 0.98 0.9245283 0.93495935 1.0 0.92783505
0.95862067 0.99 0.9705882 0.9512195 1.0 0.94736844
0.8344827 0.78 0.975 0.85365856 0.8111111 0.9864865
0.9172414 0.91 0.9680851 0.93495935 0.9222222 0.9880952
0.9724138 0.98 0.989899 0.9512195 0.9444444 0.9883721
0.97931033 0.99 0.99 0.9756098 0.98888886 0.98888886
0.93793106 0.94 0.9791667 0.9268293 0.9111111 0.9879518
0.9655172 0.98 0.98 0.96747965 0.96666664 0.9886364
0.9655172 0.98 0.98 0.9593496 0.96666664 0.9886364
0.97931033 0.99 0.99 0.9756098 1.0 0.9782609

0.8097043452376262
0.8283840628380579
0.8848503495702392
0.8135171847825472
0.8349282905337435
0.8967230133876649
